46 2000
23 17 1
27 38 1
38 44 14
16 8 21
3 13 6
24 46 10
35 10 3
27 8 35
21 14 29
27 12 2
10 7 34
22 27 22
38 39 38
37 2 33
5 7 7
39 25 35
1 21 25
11 6 25
38 43 32
23 2 7
32 17 7
20 9 37
38 1 33
39 13 13
14 28 4
45 5 11
32 43 5
41 18 20
38 6 26
24 40 32
33 29 4
16 38 13
36 15 24
5 35 1
25 37 27
46 28 28
19 46 19
10 15 35
3 24 28
24 41 22
12 21 38
12 39 37
3 36 14
8 38 6
11 32 3
7 34 7
41 21 8
2 19 28
15 28 19
8 20 21
24 20 32
2 27 32
2 34 5
25 24 22
31 46 2
2 17 13
43 14 1
46 19 31
37 8 33
11 24 22
1 25 14
39 27 39
43 24 32
31 6 2
46 14 5
27 4 27
43 30 23
30 33 33
4 3 31
10 2 5
20 5 14
20 29 28
30 2 15
17 34 8
27 22 24
44 12 35
15 9 37
13 9 14
15 20 37
45 31 17
28 29 30
29 11 25
36 21 30
23 25 39
15 32 13
19 18 7
38 35 14
18 41 39
41 4 37
33 2 13
21 5 8
31 41 22
16 10 3
12 28 5
35 19 40
18 38 23
43 2 29
30 23 27
36 8 10
24 14 3
21 6 15
9 2 34
9 1 19
9 20 33
35 11 13
17 38 39
22 18 36
45 46 23
33 3 21
15 16 5
44 5 16
3 5 39
9 30 37
7 3 12
40 24 32
23 10 35
23 20 14
29 8 37
1 7 11
18 21 3
9 16 6
23 34 35
45 44 32
46 37 35
24 12 24
1 19 29
1 43 32
22 38 19
16 13 7
22 23 23
5 40 32
40 21 1
31 24 13
14 15 13
4 2 28
28 32 30
43 15 37
6 5 36
34 19 27
24 4 34
13 17 37
39 6 34
37 32 26
27 45 2
19 29 40
36 6 2
6 30 29
12 2 37
4 43 2
8 27 22
17 6 31
24 6 38
26 19 13
4 7 21
10 34 25
44 4 9
1 6 11
29 31 33
26 9 34
35 23 20
11 23 3
13 29 23
17 3 2
14 37 38
15 7 17
17 4 39
29 7 28
20 26 24
33 45 1
25 29 6
45 22 14
45 29 14
19 4 36
25 10 34
14 20 2
30 9 13
33 42 14
7 31 26
36 27 29
6 42 31
10 36 10
23 31 3
1 18 36
19 27 38
40 5 6
9 35 10
22 35 16
17 20 32
19 41 28
13 44 21
35 13 18
37 12 31
29 12 29
25 4 34
11 30 1
24 45 11
45 13 3
31 2 33
10 5 17
22 34 23
22 46 39
36 7 9
33 17 9
18 45 23
1 33 8
7 26 12
6 29 14
26 37 34
44 21 25
41 32 24
1 26 15
42 20 40
20 31 10
29 24 39
25 36 14
3 19 30
43 5 2
37 40 37
39 45 40
46 29 14
26 1 36
10 45 5
11 39 6
16 43 21
8 4 8
35 32 11
22 11 6
23 37 35
19 11 4
5 15 20
27 1 20
2 5 34
7 15 4
13 15 30
31 44 22
25 46 34
27 30 21
39 8 14
12 32 40
1 29 28
44 15 5
16 32 28
8 10 32
30 31 36
12 18 24
31 42 40
20 6 1
39 33 24
44 26 28
34 32 29
23 1 23
10 28 5
2 28 12
1 31 11
39 15 36
26 18 13
40 2 10
45 43 40
46 6 5
14 18 34
37 18 2
3 34 5
37 26 28
32 24 19
40 10 9
6 36 26
20 8 37
9 46 32
26 33 14
18 4 22
6 32 20
31 4 18
19 14 30
28 7 8
23 5 5
30 17 25
7 11 32
40 35 22
12 44 25
41 16 38
15 38 35
15 43 25
13 6 27
9 15 24
35 34 14
44 40 28
36 20 21
44 39 12
45 27 3
44 28 16
34 40 24
32 36 29
44 31 25
32 6 32
42 3 11
16 31 34
30 32 15
2 21 4
42 30 14
32 39 10
11 44 33
42 9 23
9 5 25
29 5 33
10 25 18
25 20 31
17 24 12
23 27 23
5 37 22
7 5 16
25 34 2
32 35 25
8 16 17
16 34 25
10 14 35
34 1 6
36 45 17
37 7 3
42 41 25
3 35 24
3 26 32
15 24 7
30 11 21
3 12 15
17 15 16
40 14 22
20 3 29
45 8 17
33 38 27
22 12 3
42 38 27
21 42 7
13 5 38
27 16 10
4 25 4
9 12 24
25 18 2
17 32 11
2 23 5
14 16 8
14 41 28
8 11 33
21 24 4
29 46 19
33 12 28
14 10 27
38 45 27
13 14 15
33 43 17
26 32 9
20 22 38
13 20 12
26 39 33
27 29 32
22 43 19
42 16 8
31 21 16
42 8 35
35 41 19
44 1 26
17 27 21
20 21 39
14 44 18
42 36 21
40 41 16
46 44 21
27 24 1
32 25 29
36 39 5
13 42 23
17 30 23
36 17 24
8 15 20
21 33 18
7 33 11
25 6 7
21 27 24
3 43 1
29 18 35
7 29 37
12 46 17
41 35 8
45 24 38
40 7 32
16 44 21
18 27 3
18 23 4
13 10 36
30 45 31
33 30 38
29 43 31
36 9 38
44 20 22
19 22 20
27 40 26
33 18 28
28 18 8
5 2 39
46 25 27
35 21 21
14 42 37
13 1 18
35 15 29
4 27 10
18 8 31
16 29 10
5 28 7
7 23 35
32 22 25
27 32 10
15 2 23
25 14 40
9 18 36
33 19 10
16 9 38
36 2 33
6 45 7
10 46 13
42 17 22
20 23 18
22 1 13
3 41 32
26 4 36
9 14 33
7 44 6
4 39 31
45 6 22
25 17 33
20 19 33
4 1 22
41 24 7
27 31 18
6 35 40
23 29 15
19 8 25
13 19 4
10 39 31
23 15 36
25 42 5
26 8 13
29 27 11
4 11 14
5 12 26
29 37 40
45 1 24
27 15 23
44 34 32
41 2 32
2 8 22
39 34 18
4 5 11
17 21 30
11 41 8
13 23 31
4 20 1
28 25 20
31 34 3
31 33 35
34 31 29
36 33 1
5 36 30
5 31 25
45 18 19
6 31 10
13 34 16
14 30 15
15 10 4
42 46 11
44 8 12
7 19 29
26 2 16
36 19 39
28 23 20
29 35 10
38 17 26
11 10 29
32 41 28
39 11 15
20 25 35
34 45 6
3 21 32
5 45 9
46 8 3
40 28 34
14 8 38
25 28 17
4 21 27
27 43 2
15 34 1
4 10 28
21 36 27
4 46 37
31 43 40
31 7 6
18 2 38
7 38 22
41 26 24
40 36 33
27 26 10
6 37 9
29 41 28
16 27 33
26 3 11
30 44 3
9 26 10
19 39 20
9 4 19
1 36 23
13 35 36
24 21 36
4 32 9
28 15 39
46 16 31
43 6 26
8 25 5
33 7 7
43 1 34
30 13 27
24 34 35
17 13 6
31 38 20
37 46 33
14 5 26
30 10 37
45 25 27
39 5 3
35 20 18
30 1 30
35 5 17
1 13 27
3 15 13
21 23 3
15 25 25
39 23 3
34 6 6
18 39 3
24 43 32
45 21 30
17 39 21
14 46 25
26 27 32
43 8 35
12 25 7
3 46 23
21 16 34
12 30 11
38 24 11
17 22 38
43 25 9
18 19 37
25 2 28
40 3 35
44 42 7
37 25 37
45 12 10
35 42 30
16 30 29
17 14 7
5 43 20
41 7 12
16 19 2
10 23 25
15 29 16
21 2 8
16 37 30
1 35 18
2 22 4
30 12 22
39 16 5
13 3 26
36 28 3
40 27 16
42 13 17
2 33 9
33 22 36
44 9 37
1 16 15
3 20 33
24 37 19
37 29 21
18 3 23
34 5 31
30 8 14
17 29 15
6 27 35
16 46 16
24 30 22
10 9 33
2 39 29
25 27 25
9 43 21
43 31 26
41 25 28
43 37 33
36 22 34
16 41 28
8 5 5
35 43 9
22 45 32
16 28 10
29 6 18
13 26 17
11 2 23
37 9 40
45 9 34
42 43 14
30 40 1
28 19 11
8 3 35
15 5 35
46 24 9
32 13 12
14 24 26
1 40 37
46 41 10
25 39 35
13 30 25
23 7 5
11 21 27
37 23 14
3 14 40
14 2 25
21 22 39
14 22 17
19 21 20
17 45 38
33 36 16
11 13 19
35 1 7
22 13 22
36 46 9
30 21 26
27 6 10
29 13 4
15 26 38
40 25 15
1 37 31
22 31 25
9 39 26
44 23 31
7 24 35
11 19 32
29 28 4
14 43 21
23 12 29
44 46 21
11 42 39
25 22 39
22 20 31
4 14 1
9 33 26
16 33 17
31 16 38
23 32 7
22 39 27
15 14 28
1 30 40
5 41 33
15 27 21
40 32 24
11 14 15
33 10 25
28 8 12
36 43 17
38 29 10
37 33 23
41 11 2
38 19 1
40 39 12
31 37 11
26 42 23
13 24 15
10 33 31
41 19 27
13 27 40
44 43 34
10 37 29
11 35 16
45 30 18
12 43 37
30 27 14
18 43 1
33 26 32
19 6 9
28 13 28
4 45 19
25 7 3
13 8 25
28 31 21
3 40 16
14 27 1
31 15 32
27 13 8
21 37 3
44 3 25
12 3 18
2 24 39
24 2 14
28 33 11
39 2 5
24 32 18
29 34 4
15 23 3
46 17 10
12 5 34
7 14 13
36 1 15
27 7 9
34 22 37
27 3 3
18 28 9
18 7 8
3 44 10
42 34 7
25 23 13
42 29 2
12 37 13
8 14 8
7 2 2
10 40 34
29 17 17
5 1 1
43 3 38
5 39 39
31 8 4
3 11 29
38 30 23
6 8 20
42 45 38
26 38 37
28 16 3
8 30 13
43 11 11
22 8 3
23 39 33
41 23 26
11 8 12
21 38 38
24 27 4
30 34 1
19 37 37
41 29 38
39 40 13
26 43 23
10 44 15
42 21 8
37 17 25
45 3 37
46 5 32
3 9 17
40 33 37
2 29 1
46 38 39
8 41 6
23 8 29
19 40 14
14 13 8
43 20 30
33 14 29
43 7 31
42 25 10
17 2 13
37 13 24
8 28 14
41 5 15
7 43 19
31 12 17
20 12 27
11 12 34
29 22 16
28 20 10
2 42 3
39 28 34
43 42 2
3 31 3
39 29 30
14 39 12
46 7 14
11 18 25
31 10 8
24 29 8
35 22 14
35 27 24
32 26 6
2 44 39
12 31 5
38 10 23
34 42 25
9 6 26
24 22 7
16 23 39
8 40 17
10 20 18
33 41 36
9 41 7
15 46 38
26 16 33
23 14 15
35 17 37
15 31 18
34 43 9
12 24 23
24 36 3
39 4 34
30 46 28
17 1 38
21 43 36
10 43 3
31 28 27
1 27 30
10 21 14
13 22 2
26 45 25
32 15 2
3 10 39
41 15 23
13 7 27
7 17 8
26 40 7
21 35 40
43 33 1
41 1 26
43 28 12
40 4 30
9 23 8
6 4 16
22 9 8
4 23 35
30 38 15
9 42 30
26 31 26
2 35 11
33 37 33
26 24 36
4 8 24
32 7 15
33 6 9
11 4 18
20 41 38
43 23 37
29 30 40
2 30 5
22 32 8
16 36 22
17 8 12
15 45 34
27 5 19
34 36 21
17 11 20
7 9 40
45 32 12
37 20 14
41 37 32
11 26 1
39 46 14
37 30 11
38 26 36
23 46 33
22 41 40
39 9 12
9 34 40
27 17 20
1 14 33
20 13 30
8 26 35
8 37 4
6 25 25
21 1 32
42 28 18
39 19 33
41 3 22
38 16 16
24 9 29
11 17 9
12 23 32
8 12 30
10 3 23
20 27 3
34 9 4
40 12 38
15 35 38
23 18 1
26 34 19
28 44 1
5 34 21
45 11 31
10 22 13
19 26 36
36 38 39
30 39 27
5 30 28
22 16 7
21 12 26
24 3 30
17 9 2
7 36 11
5 21 11
28 40 5
15 30 21
6 38 4
32 14 18
10 26 10
38 23 13
22 10 7
18 6 18
26 7 14
15 36 31
40 30 33
39 35 30
13 41 31
29 39 14
36 4 7
35 24 22
5 44 9
20 40 5
31 27 25
5 32 18
38 20 18
19 24 30
35 7 13
10 35 4
38 15 28
8 7 1
30 18 40
37 11 29
20 35 13
5 46 14
28 38 40
34 23 12
22 3 16
40 18 8
37 45 21
28 24 17
46 20 25
9 10 39
40 22 28
32 42 18
19 1 40
38 14 17
42 44 29
36 16 13
34 39 28
18 13 37
34 35 38
9 3 7
4 17 31
7 8 9
41 44 34
21 34 34
24 31 12
30 29 19
31 40 24
4 33 37
13 46 4
41 20 8
12 20 24
36 42 12
19 16 5
20 1 37
19 44 37
38 31 32
19 10 27
10 19 1
28 6 27
30 5 11
10 8 26
25 15 37
20 46 13
27 44 20
23 45 3
37 4 3
7 16 29
10 38 16
32 12 22
6 16 19
19 5 10
5 16 6
2 31 7
29 36 12
27 2 31
33 4 21
23 24 18
16 5 29
20 30 16
23 35 26
10 6 4
33 25 39
7 4 22
12 45 5
29 42 4
16 18 31
43 40 32
26 17 19
28 17 3
32 21 34
15 39 39
46 39 11
3 4 30
10 4 39
21 30 39
11 37 16
35 18 16
20 24 35
33 31 8
17 41 34
25 13 25
42 19 16
8 42 17
6 20 9
44 25 27
46 40 15
14 1 12
16 11 27
23 30 28
28 2 34
18 10 19
43 34 38
32 37 16
10 29 8
9 25 2
12 7 4
40 26 23
8 39 20
34 4 25
2 46 13
31 26 16
24 19 22
20 42 29
36 23 7
29 20 25
35 37 18
9 19 21
20 2 36
21 17 19
42 27 38
18 12 34
15 3 31
31 22 12
16 40 30
7 25 6
34 3 1
25 5 10
2 6 5
23 6 6
43 13 28
11 1 28
6 14 26
12 36 29
16 20 24
33 44 21
45 19 12
7 6 20
18 14 19
31 14 9
35 31 32
41 14 9
29 15 3
45 15 5
32 40 9
11 16 17
24 17 31
18 31 5
23 33 36
22 24 14
45 4 15
22 37 17
34 11 20
35 44 17
13 39 36
45 38 35
25 12 37
8 32 11
2 12 21
38 34 11
37 14 20
1 12 28
1 17 5
35 46 35
5 3 7
5 6 37
1 8 32
19 45 37
16 26 13
8 13 19
41 36 34
42 39 30
35 2 15
21 26 22
7 10 26
18 44 18
4 34 21
44 45 37
20 18 18
16 17 33
8 46 7
39 24 16
41 38 11
34 8 39
28 11 21
41 42 33
39 7 27
7 12 12
12 40 14
18 20 38
14 3 11
30 16 16
42 23 12
32 16 5
30 3 33
12 6 40
11 3 25
36 30 1
22 26 35
18 33 7
19 17 14
14 25 18
1 15 13
34 18 1
32 46 13
5 9 27
29 45 10
15 22 27
19 2 18
18 26 20
42 24 14
38 4 15
42 40 34
4 41 1
30 36 12
9 44 21
23 22 2
1 23 23
24 1 30
3 2 22
22 7 11
23 36 26
18 24 38
1 11 23
41 39 28
9 32 33
34 44 11
24 35 32
41 30 7
22 44 2
8 2 38
2 20 3
21 40 40
37 28 27
32 20 16
46 23 20
13 18 20
45 10 4
24 42 20
37 10 35
30 20 4
11 22 34
25 43 6
38 21 28
34 2 24
46 12 4
34 27 2
26 46 32
3 22 12
31 13 4
24 13 1
41 22 26
27 33 36
28 21 9
5 38 14
44 16 33
21 31 17
5 19 8
11 36 10
5 29 10
20 37 38
20 34 6
46 30 28
8 43 38
9 8 27
37 43 32
21 13 2
13 12 12
16 12 9
44 11 26
40 8 29
4 40 7
9 37 1
20 38 6
46 3 34
34 30 13
45 33 28
21 44 29
30 35 7
15 18 39
19 15 4
8 18 29
43 12 23
35 6 34
20 32 16
22 6 10
22 21 23
30 4 31
42 11 12
25 11 4
44 32 14
18 25 34
15 42 23
36 26 14
8 6 23
7 20 5
1 10 32
34 14 30
21 18 26
17 36 21
9 38 22
40 13 19
8 24 19
8 21 19
32 31 38
29 44 37
38 46 38
32 44 19
8 9 38
16 1 37
36 29 26
30 7 6
4 12 30
10 17 1
4 9 13
17 43 40
36 10 1
24 16 13
36 18 4
25 26 29
35 33 24
29 23 33
37 19 3
9 7 7
13 11 18
15 1 12
27 9 39
6 10 12
6 28 2
24 15 22
34 17 32
41 6 35
44 37 31
5 23 33
30 26 27
27 37 5
33 5 28
31 25 17
36 44 40
32 18 16
46 31 15
4 13 3
38 25 25
9 24 23
1 20 16
40 38 5
2 10 9
13 2 3
19 30 20
23 9 2
11 20 27
4 35 9
42 14 33
20 43 37
29 26 27
19 3 3
12 4 39
43 10 2
8 23 4
45 14 15
32 34 28
2 13 7
21 15 1
28 39 7
35 9 11
31 1 13
35 4 37
7 42 5
39 21 16
16 7 25
37 42 28
23 13 13
12 27 34
8 29 21
31 5 23
29 25 16
29 2 33
6 34 25
1 45 35
35 40 19
3 32 14
45 36 24
22 25 2
16 2 8
4 30 28
5 8 23
46 42 37
39 36 36
38 7 18
16 42 16
17 35 6
46 13 38
42 6 8
46 32 14
23 16 10
46 35 6
27 39 38
6 12 39
8 35 1
27 34 7
12 34 38
26 25 31
18 36 10
37 24 24
1 5 5
10 42 23
19 38 40
18 16 22
7 39 4
30 14 37
45 17 4
27 10 22
40 29 31
22 14 13
22 17 6
3 8 20
14 36 20
9 21 27
40 11 29
43 32 31
3 38 2
8 44 7
1 32 17
21 19 35
32 45 22
28 10 10
27 28 20
37 22 4
27 25 28
22 42 12
43 18 19
34 25 23
11 45 38
45 40 25
20 36 35
22 28 13
46 4 22
17 31 27
39 1 8
28 1 1
39 3 19
28 4 32
12 1 35
30 6 23
6 15 10
19 35 32
26 15 16
29 9 16
42 26 38
27 46 24
11 28 39
9 36 27
42 7 38
44 22 1
27 11 27
7 27 16
12 33 5
10 12 35
5 4 9
21 20 4
40 45 32
26 28 1
15 21 5
44 27 11
19 20 10
29 10 23
44 17 17
32 4 7
28 3 22
31 36 22
13 36 17
24 18 2
13 4 28
37 3 34
1 44 36
34 37 23
1 42 20
10 31 12
19 31 2
15 44 2
9 27 22
44 41 2
2 1 21
16 39 32
33 15 26
7 37 34
10 30 37
31 17 3
12 11 12
28 27 35
46 22 15
4 26 3
9 31 28
38 37 14
24 7 13
45 41 9
27 36 21
3 42 21
37 16 19
6 18 14
29 32 12
20 7 27
22 40 15
12 38 32
30 15 7
30 43 37
2 38 18
28 30 37
39 38 23
6 17 17
1 34 26
17 33 27
41 46 19
32 5 16
45 16 22
36 14 21
41 40 5
28 22 9
40 34 12
24 10 35
24 38 37
44 14 40
25 40 23
3 30 9
37 1 40
32 33 35
2 3 15
12 16 36
30 25 15
8 31 35
6 26 39
44 36 29
19 33 15
28 26 16
28 41 26
17 10 34
7 41 7
39 26 19
32 2 6
19 34 31
40 6 6
26 12 35
28 46 4
29 21 20
33 24 15
20 45 2
27 35 1
39 43 26
38 18 40
3 17 34
24 39 8
25 35 16
15 17 18
26 20 21
4 29 7
14 45 37
5 26 17
18 34 27
32 8 31
26 10 38
11 40 17
6 46 36
1 3 15
21 28 20
3 27 14
5 22 16
29 38 10
40 1 6
16 14 35
21 7 9
17 23 20
44 38 2
17 46 1
12 9 4
43 36 35
25 32 30
25 33 17
17 16 6
20 10 33
32 30 7
14 26 28
34 26 4
33 40 11
21 25 18
33 39 34
34 16 30
24 11 1
36 32 26
14 4 30
12 19 34
44 19 28
23 38 7
22 5 13
18 9 1
8 45 35
2 14 14
29 14 36
12 17 16
1 39 21
9 45 22
39 12 8
6 23 8
32 38 30
32 19 3
45 2 15
15 8 8
46 1 12
37 21 28
44 6 35
19 43 36
41 28 17
39 44 20
29 40 4
41 10 21
40 42 12
39 37 10
17 12 31
11 46 1
44 29 1
9 22 34
23 26 35
24 25 32
14 12 21
4 44 26
11 34 18
41 45 5
46 45 34
34 10 22
37 39 2
26 13 8
46 10 15
22 15 23
22 2 20
27 19 6
36 37 9
39 41 4
27 42 37
4 19 19
13 40 21
15 33 13
4 36 29
45 35 11
24 44 14
6 43 9
28 43 40
13 25 30
19 28 26
6 21 34
15 41 20
4 37 38
22 36 3
1 41 9
10 24 40
26 29 20
16 22 38
46 18 16
33 16 19
2 43 7
7 46 25
8 17 19
12 41 10
38 5 14
23 43 9
38 9 14
17 44 29
42 37 12
14 23 17
9 29 34
46 2 24
20 11 21
16 25 24
26 14 40
8 22 2
26 36 11
11 33 17
11 29 15
31 20 9
42 33 31
10 41 19
12 42 9
14 7 3
42 5 27
37 31 35
15 37 22
14 32 10
25 19 23
35 3 21
45 7 20
30 28 16
8 34 30
29 16 22
38 33 30
2 45 34
27 18 22
30 42 7
18 37 13
46 43 19
24 26 18
32 3 33
1 24 4
43 4 8
34 24 17
26 41 16
25 16 16
2 26 19
1 46 1
29 4 15
14 9 38
14 17 21
36 24 28
4 24 36
10 1 40
44 13 6
7 1 9
14 6 34
40 37 34
33 35 10
32 29 8
13 33 40
29 1 11
14 19 7
37 44 37
16 4 40
12 8 32
38 36 18
12 13 24
31 9 12
42 31 14
30 37 32
7 22 3
33 34 30
16 6 15
3 7 38
3 39 9
5 11 4
35 12 32
3 28 24
6 1 34
35 28 27
39 20 38
35 30 23
42 2 39
10 11 2
3 45 12
6 19 30
36 31 11
40 20 38
37 38 39
33 8 19
42 35 4
7 35 9
39 22 10
31 35 22
10 32 29
44 35 1
21 4 17
24 8 18
5 17 18
28 45 15
7 21 39
25 45 26
17 19 7
33 9 24
39 30 28
21 46 5
26 11 11
38 22 17
2 16 22
1 28 11
43 16 15
35 39 33
33 23 35
27 23 34
38 32 38
13 16 36
44 10 40
38 13 39
35 25 2
22 29 39
37 35 36
21 45 29
17 5 7
42 1 35
6 7 40
18 22 3
15 13 36
11 27 10
2 25 16
22 33 38
2 32 20
45 37 37
3 23 4
3 33 22
17 28 26
24 23 23
6 44 8
38 11 23
4 42 23
3 1 21
34 21 8
42 4 12
40 17 15
41 31 27
27 41 40
21 3 19
13 45 34
8 36 29
12 22 4
42 22 31
5 27 12
24 5 16
16 3 38
1 4 18
3 6 1
28 5 15
19 25 11
16 24 26
26 44 7
24 28 18
37 34 30
2 4 23
40 16 27
22 30 31
17 7 40
38 2 6
34 38 16
21 29 34
20 17 30
45 39 22
34 20 39
28 12 15
25 38 3
11 5 15
21 11 39
17 26 12
36 12 24
6 13 39
21 10 36
2 18 21
28 36 25
35 16 5
11 31 35
34 29 26
39 31 30
46 26 8
14 21 11
6 9 2
15 40 15
3 29 29
41 9 25
9 13 12
37 6 27
11 9 1
18 30 27
17 25 16
18 15 38
23 11 22
1 2 21
18 29 22
11 25 37
27 21 21
13 28 1
30 19 18
5 33 32
36 25 28
18 42 17
21 32 7
35 38 24
38 40 19
28 35 29
7 28 25
10 27 8
19 9 34
43 27 19
23 3 28
19 32 16
10 18 4
18 32 28
23 28 39
2 9 3
26 22 29
7 30 12
41 27 13
33 1 5
41 33 3
12 15 26
20 33 30
26 30 29
14 29 27
18 11 5
41 43 26
38 42 20
3 37 22
36 34 8
28 42 24
18 35 34
41 17 4
20 14 1
9 11 35
29 19 8
46 36 28
5 14 2
39 10 24
26 21 6
23 41 39
18 5 4
42 10 31
41 8 35
12 26 7
45 20 9
6 24 26
12 10 19
42 12 39
38 3 19
40 44 33
36 40 25
43 35 29
11 43 3
43 29 29
1 22 16
20 15 32
18 1 4
14 34 1
14 11 15
44 33 30
22 4 39
28 37 40
4 38 8
32 23 9
33 11 17
2 40 40
13 32 23
16 45 7
46 33 12
15 11 8
45 23 22
23 42 14
6 22 4
14 35 10
31 39 2
27 20 18
9 40 6
14 31 4
40 31 8
30 22 6
19 12 33
20 16 14
41 12 6
2 41 2
46 11 30
31 30 31
6 40 32
6 2 34
28 14 34
9 28 28
4 18 38
42 15 21
33 32 14
14 40 29
30 41 3
21 8 24
32 28 35
39 42 13
43 38 35
31 18 32
25 30 19
20 39 28
15 19 9
43 45 37
5 13 40
25 41 18
38 8 32
29 3 32
16 15 15
23 21 31
35 26 23
12 35 15
5 18 1
25 31 35
5 24 16
26 23 18
5 20 12
45 28 10
15 4 40
33 21 21
32 11 15
32 10 12
38 28 14
31 45 25
35 8 15
39 17 3
18 40 29
16 21 25
44 2 5
45 34 26
29 33 14
25 8 29
2 36 21
24 33 9
40 43 10
4 6 36
3 16 1
13 38 7
34 41 23
33 27 10
38 41 27
40 19 17
6 3 5
44 7 14
1 9 27
8 1 22
43 39 20
44 18 8
20 28 12
4 16 9
40 15 6
2 15 33
45 26 10
18 17 29
41 13 30
44 30 23
9 17 25
27 14 8
2 37 40
13 21 6
19 36 6
7 32 27
2 7 22
21 9 34
43 9 39
40 46 30
10 13 35
20 4 35
32 27 34
17 40 26
19 42 12
45 42 19
20 44 5
23 4 33
31 11 5
43 22 25
11 38 29
15 12 24
33 20 32
43 26 20
11 15 13
4 15 40
28 9 12
40 23 35
3 25 23
38 12 38
46 27 31
17 42 9
19 7 36
26 5 6
21 41 30
23 19 32
11 7 31
14 33 4
37 27 26
28 34 39
6 41 28
43 17 34
12 14 20
13 37 14
46 9 3
23 44 7
36 41 6
38 27 25
3 18 15
6 33 13
37 41 9
34 33 28
40 9 37
31 29 16
34 7 19
43 46 12
46 15 31
7 13 10
36 13 12
36 11 37
23 40 37
25 21 12
35 36 13
43 19 10
17 37 14