1000 2000
309 138 52937
837 228 72185
512 285 20800
676 25 20372
890 250 84125
957 802 32400
303 553 19016
688 347 13200
597 6 84800
959 94 27854
172 672 62424
553 282 66400
677 161 87600
357 787 62819
394 204 38400
535 465 98800
471 247 62880
639 96 74400
98 605 76800
364 921 34623
851 323 21200
966 888 22000
887 34 69736
805 725 46400
60 922 16400
603 958 6571
665 637 91200
230 812 60319
545 863 34
411 500 61200
36 295 15600
275 476 35866
707 578 11043
336 148 82800
45 88 57216
725 529 46800
445 926 94518
238 702 95200
705 359 43432
357 78 35600
943 756 94400
168 998 31585
340 819 65330
534 312 53055
385 450 54184
568 551 14571
203 44 97600
610 790 26000
85 529 46800
204 317 1006
103 401 57200
202 538 67200
733 516 40823
299 113 99904
779 564 36896
209 685 68000
261 112 43600
802 184 41145
602 251 93482
306 253 50761
76 964 63600
9 560 22855
883 588 62400
289 724 90994
198 978 21456
297 24 77433
873 515 94800
974 358 95517
364 399 92000
76 206 70033
60 341 63277
430 612 48672
421 837 4800
178 28 6400
272 748 14000
345 251 27973
795 118 56947
492 649 63639
656 132 56782
208 727 31600
605 392 94284
118 407 48117
411 680 40037
632 943 94000
897 184 73512
794 775 82507
330 620 88800
884 615 86000
334 180 97495
155 409 80108
350 580 30400
464 131 42910
747 844 82793
925 945 40400
458 411 60800
788 725 8329
886 19 20716
297 407 19858
393 566 80400
179 373 10800
561 35 11531
564 502 34400
415 899 29220
686 267 75464
186 41 22335
399 710 92400
828 663 55554
918 18 51200
54 358 40261
633 535 38054
741 289 68908
6 139 85200
523 307 54636
883 770 62400
694 335 30212
393 446 58370
714 359 67695
100 553 66000
114 697 4418
906 591 84000
285 561 21200
376 790 57252
237 72 35674
12 679 58400
319 906 83600
340 233 466
796 588 5360
871 264 85578
3 710 92400
110 812 75600
485 714 34000
511 175 72170
1000 645 72219
750 526 74000
325 623 93205
734 326 37691
978 853 61461
76 14 68882
714 502 34400
174 824 81576
397 963 14735
836 432 82400
422 160 6400
642 100 69187
756 444 82361
461 742 19600
717 485 33600
768 36 15200
730 415 51545
111 5 9523
964 947 28405
668 964 63600
431 310 38910
484 242 90000
170 496 22800
930 334 87600
154 741 15750
480 811 81217
821 301 70400
748 582 39774
695 531 50518
570 343 28400
231 782 30800
939 44 97600
322 664 84800
389 497 53200
454 654 7600
60 900 26855
270 789 21871
657 534 30676
159 570 9618
515 702 95200
810 312 96400
196 924 86247
446 683 90400
962 454 7200
842 592 9200
599 66 79200
315 464 61660
321 692 26800
452 652 47200
589 584 59824
690 66 8577
621 306 24400
807 191 54800
727 394 95612
42 890 18551
639 828 52361
916 773 5600
952 872 69072
224 359 58863
233 582 11600
524 788 18800
918 203 44973
448 942 81200
510 380 96000
907 597 84400
242 683 90400
909 883 62000
580 185 80932
432 431 82800
184 624 35200
71 11 31532
150 865 18438
429 936 82000
707 582 28059
693 435 86800
628 15 1194
360 499 75600
266 52 68619
690 50 99902
80 315 93079
11 943 94000
58 443 14800
709 744 54000
547 136 89393
465 804 99200
167 888 22000
184 357 35200
566 72 80800
605 892 77200
999 759 41600
90 805 46000
988 227 40608
934 788 18800
541 475 46877
674 80 74539
919 544 400
258 794 66400
7 851 20800
414 495 55600
316 330 5857
845 530 87095
608 993 15157
962 553 62769
961 103 56800
17 41 40677
787 997 53979
272 854 60578
971 281 69285
830 357 35200
380 655 96400
56 101 4619
280 42 4400
280 398 90142
748 579 53219
580 403 19929
354 99 68800
306 813 47387
474 410 72052
630 126 72800
400 488 64800
95 699 52843
402 727 31600
564 895 34400
856 489 78945
856 191 71871
668 466 63600
369 744 54000
994 258 38685
160 168 37243
934 642 18800
486 788 41569
195 375 9200
704 783 69036
987 265 35328
250 470 72800
510 40 12922
612 878 46839
250 126 72800
248 921 50000
30 742 19600
114 721 45325
31 117 28800
493 104 25600
598 264 3200
435 603 79479
147 416 24425
900 628 7936
442 293 75585
133 838 29200
171 348 32800
389 305 53200
143 144 12400
911 231 30400
327 528 8795
998 781 48000
283 968 27903
939 363 97600
282 446 90143
528 824 49200
442 972 56944
814 551 61624
480 32 10000
944 690 71825
408 522 42400
318 53 34415
107 237 17012
42 837 4800
94 31 20270
464 504 44768
952 603 85688
14 74 51699
654 340 8000
947 535 73786
728 985 20009
551 839 48400
809 708 2400
748 15 14400
202 247 14808
189 74 56000
615 270 87192
857 382 52800
680 347 13200
689 261 43200
384 191 56208
925 226 40400
158 598 48358
921 97 50400
18 536 51600
559 326 75081
487 671 16800
308 884 85600
158 591 84000
189 534 56000
566 448 80800
3 747 92400
674 643 81424
306 503 8664
194 869 35324
433 737 50400
79 850 98400
854 429 91452
944 345 36400
978 92 77346
902 393 80000
326 855 92258
653 724 11600
123 400 64400
159 146 38400
505 423 29087
751 793 68817
736 3 92000
233 724 11600
318 948 96598
317 38 63579
699 946 70085
963 346 95099
652 711 47600
479 98 76400
175 545 13204
893 795 72000
232 695 20000
42 639 24258
463 914 19184
99 651 69200
363 102 98000
705 778 68800
546 279 86742
877 423 41380
442 725 26113
422 28 6400
676 209 34677
913 204 1673
120 415 2400
178 160 6400
950 694 89200
702 575 95600
520 177 63006
485 564 34000
841 104 92298
194 600 68985
91 224 74836
104 294 73767
274 731 81600
643 636 38172
629 478 82655
797 824 49200
992 261 43200
356 224 93589
174 157 48021
790 595 97217
927 583 43912
102 14 24105
421 396 97540
996 768 71124
839 528 48800
558 805 49169
974 688 67647
819 470 70618
850 413 93643
734 175 32098
128 976 40000
534 961 56400
937 957 94648
483 235 78570
36 186 38641
858 353 44400
39 967 70800
428 654 89214
904 485 8733
166 964 49188
812 996 76000
346 526 96113
496 739 23200
552 935 73600
758 429 42068
493 411 43805
127 723 54732
199 62 43050
95 989 18239
288 257 10299
389 29 85884
745 517 3686
735 704 52400
79 535 98400
36 307 15600
853 408 20070
462 939 97200
312 398 96800
36 321 12970
888 942 22879
655 462 96800
105 100 65600
99 732 69200
413 134 42400
751 430 93360
898 536 28025
290 984 96344
32 179 10400
345 982 36800
621 185 24400
978 466 98876
765 603 36659
570 31 28400
685 849 74001
642 30 19200
332 767 77600
441 493 25200
326 861 26072
323 782 57892
816 553 43675
954 229 62645
264 423 3600
27 999 41200
984 328 93918
801 396 59235
193 309 16500
375 210 67464
223 284 97307
675 459 91943
545 19 5600
754 324 86385
425 454 7200
727 351 32000
588 890 62800
778 732 69200
434 58 14400
298 172 50289
335 682 66800
919 328 400
647 290 1600
105 507 65600
641 893 71600
144 688 12800
120 708 2400
16 301 70102
655 398 96800
546 333 74721
447 395 27600
925 281 29133
917 691 72189
496 294 62737
255 162 14696
63 495 82582
371 918 48844
787 745 39200
950 25 89200
580 782 30800
702 909 78411
208 46 31600
361 608 17885
185 333 24800
456 821 70000
69 46 76031
833 671 80497
593 621 24000
573 307 8255
329 838 67967
841 80 52000
575 558 22592
458 69 60800
91 854 17692
445 12 58000
348 37 33200
128 925 40000
3 244 5130
888 574 87640
28 425 6800
443 254 19851
419 660 27200
843 158 83600
866 798 49021
83 353 72215
255 76 63200
210 739 23200
2 642 77959
451 805 46000
559 821 70000
172 61 76800
479 172 76400
581 911 30000
593 990 27985
750 694 78168
191 414 55200
466 565 48681
301 22 70800
581 946 8747
494 955 88014
764 931 62958
958 20 49600
510 237 76734
737 918 50800
949 759 41600
51 327 99320
273 280 56294
236 736 24052
953 500 72380
416 733 40349
190 339 38901
395 62 28000
27 485 27115
440 939 19005
419 461 80996
126 681 73200
918 262 51200
987 951 78800
769 137 47747
486 653 36494
568 355 11528
419 447 27200
110 499 75600
957 898 936
506 344 1600
425 623 7200
264 390 3600
736 399 92000
77 928 59600
781 663 48400
472 934 18400
305 709 53600
829 285 3098
778 32 75486
694 484 89600
936 432 82400
28 962 6800
898 550 24609
803 928 31869
15 443 14800
59 228 67600
750 639 74000
562 44 43382
431 843 83200
664 308 85200
506 817 95934
869 599 78800
305 369 53600
540 380 66704
160 425 6800
597 664 84800
306 441 24800
671 596 17200
623 601 66520
570 797 81950
522 805 14829
398 550 1489
977 105 82893
615 498 86400
996 172 76400
641 680 71009
415 497 45865
474 149 100000
639 260 29411
116 661 36400
522 689 42800
812 479 76000
926 68 16972
161 464 88000
98 61 76800
547 601 64244
334 172 14910
758 972 34701
608 90 45600
78 563 18608
53 195 8800
397 125 58800
874 804 99200
441 965 25200
613 35 41747
658 655 65753
352 306 24400
85 752 41945
22 641 71200
27 949 41200
338 803 37587
848 860 76426
307 861 16000
742 695 20000
711 854 66408
596 442 17600
49 327 69433
96 256 74800
375 480 9600
841 268 71429
4 485 45456
554 832 54392
653 325 79606
816 523 71193
929 512 20400
704 382 52800
523 738 13792
328 825 86341
488 536 16846
358 601 60400
39 22 70800
649 772 32048
871 530 98949
536 735 52000
224 652 23133
610 522 937
228 685 68000
82 193 26174
295 861 16000
534 375 76056
534 649 56400
895 184 34800
477 435 92533
624 838 64325
122 999 65867
501 547 17941
61 892 77200
994 285 76254
333 630 26001
685 705 68400
615 693 86400
80 704 52400
838 586 74098
197 510 18703
795 630 72400
660 815 27600
472 209 21474
793 503 33229
129 566 18631
185 130 73439
648 253 55200
581 633 66697
403 783 76210
30 33 62090
526 699 74400
403 567 90800
969 677 92088
342 341 59633
737 91 44442
390 804 48196
693 428 86800
71 63 8984
949 798 41600
804 149 100000
930 161 87600
298 20 26675
74 649 56400
842 375 9200
843 174 36338
636 745 50813
118 538 67200
454 160 43851
198 96 85837
568 57 13716
713 35 97230
41 250 72400
858 532 44400
671 55 17200
447 60 1002
454 780 7600
712 344 52346
664 139 85200
989 31 32677
928 358 60000
667 350 30000
97 825 37959
66 902 79600
482 882 80656
676 262 77475
44 102 98000
543 593 23600
386 64 85713
635 383 45200
735 857 52400
359 92 77073
916 19 5600
428 620 97190
841 735 52000
530 911 42640
782 208 31200
15 768 14800
851 561 21200
812 210 40933
951 66 79200
226 497 72467
114 540 66727
311 737 45025
677 64 28158
510 810 96000
214 237 36704
739 85 17581
445 779 58000
257 209 128
298 49 27024
754 168 94161
861 487 16400
336 431 82800
389 515 780
114 572 70933
416 1 80400
292 798 73576
95 10 64400
606 604 86280
491 143 68941
257 39 38165
253 189 55600
121 191 97234
509 189 84331
837 916 5200
569 314 95151
347 927 83337
567 508 91200
335 195 8800
136 285 74909
53 842 8800
824 20 49600
262 25 19761
592 714 28508
380 527 17131
235 17 13463
664 975 66121
547 39 70400
692 384 29606
293 653 69294
780 340 8000
323 942 20405
191 459 23768
500 527 68768
949 648 99105
102 850 98400
527 539 29567
830 624 35200
695 512 20400
654 975 8000
394 59 43130
386 950 88800
182 419 26800
4 414 48158
697 318 61600
108 447 10719
470 681 73200
686 366 61190
359 507 89777
645 630 67872
688 640 13200
524 642 18800
876 845 74000
643 47 45086
600 402 31200
763 242 90000
623 780 7600
428 930 87200
698 132 93279
867 409 10400
508 266 98500
630 470 72800
688 60 20979
447 889 62246
238 193 70484
628 179 34415
804 555 100000
516 596 77595
713 5 63772
330 649 81648
891 174 26300
403 552 28658
480 934 34136
461 232 19600
690 379 24223
566 807 20780
232 929 20000
242 403 90400
395 570 28000
685 354 68400
470 552 73200
665 928 137
141 109 85948
501 527 78453
382 622 48020
846 307 15600
335 937 87199
146 787 38800
957 171 32400
464 386 88400
425 469 22972
788 594 41232
727 957 32000
230 366 45580
7 466 15310
7 285 20800
289 524 65042
443 846 15200
397 676 58800
433 933 54854
191 253 55200
144 680 12800
907 963 71495
809 415 2400
660 395 27600
732 559 69600
353 678 77993
159 204 38400
407 456 13517
694 610 38436
415 598 2800
993 615 46028
147 329 22400
272 628 74147
797 958 49200
679 926 51602
30 455 37434
897 263 79586
943 873 94400
394 146 38400
347 272 13600
722 987 78400
867 179 10400
890 76 63200
1 521 16624
242 212 38286
334 439 88000
225 466 25026
57 476 57029
958 248 49600
197 56 67839
601 69 60800
678 353 11235
433 950 9798
334 464 88000
318 260 6572
679 833 70105
399 747 92400
976 226 40400
2 944 36000
500 418 37399
862 270 35938
381 414 78363
126 552 73200
783 869 78400
135 72 10919
364 474 26254
66 952 79600
454 183 87089
112 527 44000
511 108 7424
109 622 10317
17 534 9163
90 227 69180
408 66 51937
890 668 63200
472 524 18400
496 543 23200
945 27 40800
84 100 6611
256 360 75200
911 580 30400
951 71 79200
622 532 86256
592 480 9600
637 364 91600
662 648 54845
748 382 82783
348 717 33200
486 308 98002
867 859 12945
681 750 73600
190 360 542
674 422 90565
382 305 53200
336 990 2545
836 336 82400
631 414 43986
626 870 39200
442 520 18000
53 880 99578
573 239 44784
663 528 48800
555 254 77164
288 994 41026
788 461 19200
134 689 42800
306 333 24800
432 148 82800
767 722 78000
436 632 93600
376 299 55994
932 974 61854
133 877 29200
658 13 87042
443 36 15200
95 400 64400
996 872 12889
466 769 75825
289 137 86427
534 851 42790
126 685 31232
70 677 27237
989 601 60400
713 291 3684
124 88 43600
497 709 53600
897 559 57951
804 16 50172
442 472 18000
735 327 91948
484 446 90000
996 98 76400
393 1 80400
713 433 68226
46 957 32000
460 375 86720
952 6 64420
769 782 19867
11 823 94000
998 551 48000
785 652 48357
512 851 20800
794 202 66800
760 238 15756
651 663 65951
339 894 51236
247 354 68400
406 703 20147
401 445 57600
895 830 34800
329 496 22800
348 291 67801
773 178 6000
339 53 82600
653 800 77607
212 328 11381
404 180 78225
498 435 86800
97 918 50800
733 221 55591
633 70 78382
398 939 97200
62 343 28400
404 689 30132
196 999 41200
794 118 66800
486 666 97597
600 906 60671
41 630 72400
148 319 83200
67 618 85818
19 163 68095
661 890 92970
342 937 83598
495 74 56000
480 867 10000
172 605 76800
75 41 94775
770 255 62800
123 935 66890
864 465 87092
859 286 29019
409 373 10800
319 158 83600
204 626 38800
253 495 55600
44 79 98000
975 335 8400
343 133 28800
12 397 58400
571 795 72000
591 322 84400
734 433 62537
448 274 81200
789 837 15000
13 564 34000
797 540 64428
434 15 14400
911 522 26220
290 809 2000
382 966 30751
271 312 53820
297 445 57600
647 978 69771
596 283 17600
212 378 45408
444 10 86250
535 874 98800
308 898 85600
710 157 92800
668 129 74424
921 737 50400
161 439 88000
205 118 99043
347 614 13600
417 226 3993
806 742 81483
853 666 97631
318 883 62000
30 232 19600
528 958 49200
18 841 51600
95 588 25565
823 873 94400
710 569 37681
246 833 1135
594 731 98748
704 389 52800
543 900 23600
667 911 30000
157 436 93200
610 169 26000
638 627 91346
792 214 25841
835 544 19027
937 546 67599
333 965 25200
582 143 12000
829 855 25965
820 450 66545
699 854 74800
331 916 96840
256 110 75200
500 318 61600
353 635 44800
780 754 81340
185 159 97469
676 77 59200
695 7 20400
208 973 96437
17 795 95401
167 147 22000
669 682 42337
532 240 44800
885 328 400
231 600 30800
54 778 50046
359 839 15893
403 665 90800
439 330 88400
652 998 47600
544 406 800
781 839 48400
798 694 89378
739 900 23600
117 838 29200
474 555 100000
598 79 50793
116 377 66009
536 80 52000
295 60 16000
65 18 51200
807 648 54800
961 457 56800
152 379 78830
297 494 57600
893 41 72000
883 508 17407
119 741 98792
342 1 64078
78 116 36000
56 538 26211
52 928 59600
861 922 16400
737 440 75023
575 380 96000
116 345 36400
986 921 6915
977 683 85713
303 647 1200
647 344 1600
363 79 98000
416 6 67500
414 766 6692
497 369 53600
117 877 29200
416 125 98207
963 394 38000
562 1000 60764
337 44 67228
242 229 18383
716 220 18596
626 673 37908
574 720 81875
999 798 41600
622 301 54194
226 27 40800
285 323 21200
677 334 87600
640 614 13600
974 957 56982
247 705 68400
20 678 71463
762 394 38000
96 854 74800
855 290 11793
994 953 85983
924 715 20642
918 133 96566
185 441 24800
146 626 38800
350 895 90831
910 171 53398
344 120 2000
61 332 77200
406 374 11213
765 640 2687
741 87 79489
553 794 66400
711 781 48000
584 874 62105
436 11 93600
507 553 66000
679 676 58800
751 865 81038
360 697 15918
888 329 22400
567 637 91200
341 129 19483
74 716 71197
215 630 50493
694 4 90920
307 72 38762
936 336 82400
195 592 9200
112 130 84481
171 398 37845
624 145 24813
582 377 77903
102 535 98400
934 106 58566
104 169 26000
806 461 19991
373 653 11200
676 52 59200
885 544 400
133 551 72270
953 976 40000
122 149 25589
373 233 11200
731 836 82000
728 607 55655
642 461 19200
548 144 12400
683 567 90800
520 827 596
898 617 86000
641 393 86634
78 944 36000
194 436 93200
244 957 94031
551 663 48400
844 309 45686
71 952 79600
333 493 25200
261 88 43600
351 802 32400
921 776 51107
516 586 69725
705 99 68800
646 938 97620
52 819 59600
865 280 10818
83 832 78733
456 547 70000
792 576 96621
677 543 37636
674 469 29000
944 661 36400
753 124 66955
811 557 96826
280 421 4400
381 977 39606
19 178 6000
97 65 50800
37 604 42289
922 814 16800
598 738 3200
964 959 69845
651 456 69600
588 255 62800
21 351 65106
175 588 92783
432 605 94713
323 966 21600
421 960 4800
910 872 2083
684 326 75665
663 797 48800
379 241 1941
107 168 70968
884 617 86000
66 592 92294
86 816 96204
620 25 89200
300 330 50665
747 157 92800
322 383 5418
600 208 31200
560 20 99093
137 811 74416
337 274 88463
645 952 90412
77 819 59600
544 303 800
790 321 26400
275 443 15231
321 646 67683
876 625 29054
710 194 92800
836 531 96123
679 125 58800
625 966 79172
228 916 78880
258 282 66400
182 692 26800
938 632 93600
849 783 78000
337 157 37864
767 783 78000
263 689 73308
645 574 20505
861 428 69149
905 136 56585
515 251 95200
821 126 58952
31 133 28800
371 407 81063
755 588 91957
724 143 12000
818 22 75984
962 623 7200
97 865 70045
956 100 81178
219 264 3200
174 770 62400
104 790 26000
882 620 19709
659 832 32681
966 147 22000
382 497 53200
139 898 85600
614 748 14000
617 498 86400
867 848 47194
848 474 82103
70 314 93571
608 451 45600
526 96 74400
759 408 42000
635 449 23600
488 230 65200
744 807 54400
283 472 18000
37 485 33600
669 854 29432
561 167 21600
483 183 27946
964 123 64000
788 2 78858
10 488 64800
161 635 22650
805 85 46400
633 480 50952
332 271 46554
559 53 61325
111 730 77953
829 23 16799
802 201 32800
680 900 50494
124 112 43600
343 117 28800
601 411 60800
139 884 85600
964 95 64000
283 520 18000
984 970 96171
894 931 14650
134 992 42800
724 548 12000
174 588 62400
204 787 38800
423 280 4000
527 532 44400
358 458 60400
61 554 63784
525 502 52255
748 58 14400
201 166 39486
789 430 1450
744 491 36025
650 251 82368
902 416 80000
613 79 26686
401 494 57600
180 711 47600
175 166 81144
798 320 38960
677 787 62548
783 987 78400
251 510 95600
635 608 45200
699 332 28588
232 730 38315
719 803 94242
873 238 94800
271 845 30174
963 159 38000
756 238 94800
911 442 42442
209 247 68000
733 83 42465
252 588 9366
854 360 75200
692 543 34805
191 994 7025
929 7 20400
702 868 91947
951 307 28054
815 62 28000
290 633 67876
118 59 67200
171 201 32800
552 750 73600
164 73 67893
617 693 86400
17 663 39430
843 906 83600
279 97 29691
803 265 47046
964 777 77317
94 980 6397
839 797 48800
655 841 54963
500 909 61600
942 429 81600
948 851 61159
291 66 69161
788 30 19200
267 10 50819
451 675 46000
619 228 22201
631 27 5820
230 507 65600
987 599 78800
522 992 42800
741 902 30805
837 230 58031
92 234 72083
344 809 2000
165 227 51913
103 297 57200
113 130 50233
649 103 56800
710 206 245
765 665 39149
468 695 23696
634 830 9501
671 558 63562
637 758 48157
563 3 43152
390 280 4000
829 785 16037
660 860 82758
80 857 52400
261 651 17768
779 679 58400
55 283 17600
168 834 86423
892 849 77600
836 259 86062
170 210 22800
452 180 47200
937 333 67680
410 542 52383
322 6 84800
788 203 60963
738 390 3600
960 916 5200
545 767 3779
651 559 69600
112 858 44000
689 124 43200
745 128 39600
390 578 4000
732 456 69600
11 772 48733
468 492 22473
125 77 59200
594 680 12800
237 158 29374
498 428 86800
286 227 69909
325 762 37600
179 387 10800
813 267 48201
196 949 41200
824 248 49600
727 109 34667
37 13 33600
100 711 38681
22 418 71200
697 909 61600
340 53 8400
303 506 1200
445 410 78919
466 95 64000
617 377 5878
65 751 40923
411 169 9448
93 908 1006
927 592 58412
97 471 215
639 699 74400
759 413 42000
98 44 54740
756 515 94800
435 677 87200
597 844 7264
181 357 75057
653 582 11600
11 18 83692
553 752 44563
32 294 47459
591 597 84400
383 451 45600
245 996 50022
870 953 39600
1 72 80800
996 940 82552
476 583 62142
696 697 8929
154 372 76638
142 968 24990
543 332 83209
294 118 65252
641 387 7921
130 488 29955
491 762 37600
640 272 13600
435 930 87200
605 332 77200
126 904 10144
686 228 5620
34 942 91696
898 615 86000
487 814 16800
157 938 93200
386 620 88800
838 581 29600
965 361 65970
660 928 77455
187 379 3249
329 315 16142
72 274 81200
457 297 57200
248 433 50000
339 463 87852
148 843 83200
532 635 44800
925 977 57346
772 550 71687
228 247 68000
408 134 42400
795 250 72400
466 123 64000
750 355 63184
908 872 62787
369 407 54000
500 148 39799
400 376 64800
421 70 83006
700 79 76577
425 247 92715
323 167 21600
457 401 57200
62 31 28400
869 951 78800
982 491 37200
72 942 81200
60 487 16400
555 652 80414
846 295 15600
472 765 21773
738 423 3600
900 352 24000
37 124 73551
648 414 55200
251 575 95600
308 244 75177
594 574 41979
330 828 14876
473 423 50409
325 963 37600
878 448 71051
822 333 22299
13 714 34000
433 97 50400
570 493 23833
814 596 17200
795 304 43617
201 717 33200
147 170 22400
527 353 44400
548 462 99552
603 172 91676
717 404 91725
272 586 83883
342 491 37200
508 736 91600
400 39 46265
357 2 35600
71 902 79600
407 807 54400
815 570 28000
203 363 97600
894 119 6151
692 447 27200
778 651 69200
16 574 33810
306 77 35837
564 17 8422
945 196 40800
520 934 18400
637 736 91600
274 429 81600
965 104 25600
897 648 54800
157 954 17479
380 312 96400
202 59 67200
273 227 33579
953 911 24217
928 989 60000
502 184 34800
731 936 82000
1 920 6514
605 205 81289
769 867 10000
952 393 80000
780 133 64233
85 452 46800
798 413 42000
819 989 60000
717 324 10896
858 710 28080
314 154 47215
402 46 31600
100 993 52837
722 869 78400
29 71 50053
404 669 13918
59 209 67600
737 65 50800
936 237 69995
3 482 78995
19 422 6000
447 815 27600
375 769 9600
580 600 30800
765 868 42363
429 836 82000
952 416 80000
158 907 84000
185 975 24504
857 389 52800
132 656 34009
888 175 37958
838 667 29600
262 536 51600
773 422 6000
927 767 60159
425 754 57756
465 474 99200
20 921 50000
872 866 89341
802 348 32800
76 466 63600
800 982 28262
454 267 90120
711 551 48000
849 722 78000
353 240 44800
42 439 90969
528 180 86683
812 424 19559
881 205 8168
345 342 36800
6 308 85200
967 418 71200
725 452 46800
942 731 81600
330 950 88800
414 189 55600
136 432 25562
872 263 16467
850 865 843
387 774 70075
605 278 52226
271 343 1173
364 3 92000
764 723 24084
105 856 94464
91 737 47458
127 401 62753
201 37 33200
565 43 15422
763 446 90000
742 175 6761
321 263 7100
810 655 96400
649 457 56800
614 434 14000
724 338 11369
240 383 45200
905 930 35146
886 289 95763
582 199 90402
459 872 23513
321 419 26800
406 647 1200
332 849 77600
995 447 68197
675 725 46400
808 489 69273
627 927 53062
69 697 61200
782 402 31200
681 935 73600
900 621 24000
226 196 40800
171 909 14681
547 301 70400
559 547 70000
883 995 16233
169 182 26400
697 280 52270
655 677 26726
512 936 74299
824 843 57848
924 236 39028
169 321 26400
556 936 16635
413 522 42400
744 897 54400
247 735 69088
449 908 59168
109 964 62133
944 583 98416
264 86 75910
975 53 8400
462 203 97200
318 174 62000
55 502 64064
486 966 68366
545 195 47144
436 663 91419
599 71 79200
467 770 95888
324 791 51792
243 549 18517
624 2 35600
312 462 96800
177 367 71018
219 738 3200
616 202 46045
338 325 33494
65 262 51200
815 715 61645
434 564 7418
10 376 64800
935 526 74000
164 957 96024
520 524 18400
190 956 82205
641 571 71600
685 801 71133
854 110 75200
529 652 47200
328 406 800
769 32 10000
418 893 71600
439 386 88400
922 671 16800
619 948 11038
451 416 36034
838 709 98442
153 801 76540
742 929 20000
739 593 23600
328 303 800
790 182 26400
88 858 44000
938 11 93600
850 247 94152
850 874 98800
398 203 97200
281 443 64108
630 330 26067
661 982 36800
632 950 86341
870 112 67214
571 41 72000
123 10 64400
931 750 13248
538 228 67600
823 756 94400
307 60 16000
530 292 51910
692 660 27200
695 848 47503
877 667 29600
482 775 78109
909 174 62000
1 448 80800
144 464 54352
464 330 88400
350 231 30400
282 202 66800
483 482 80110
935 639 74000
683 545 71657
463 37 29473
411 697 61200
180 998 47600
496 141 43626
506 290 1600
326 250 22733
870 128 39600
38 574 12298
910 34 48308
965 610 25600
113 54 45008
668 406 43599
115 740 14443
25 484 89600
75 719 94699
907 322 84400
850 465 98800
143 594 12400
989 458 60400
760 218 83474
665 508 91200
238 251 95200
272 434 14000
387 653 11200
383 90 45600
717 13 33600
361 444 22792
623 654 7600
939 564 7647
548 594 12400
787 870 39200
708 219 2800
702 510 95600
892 767 77600
488 105 65200
443 448 46620
287 857 20315
529 180 47200
709 407 54000
393 939 13105
790 885 62056
90 675 46000
906 907 84000
194 938 93200
951 868 96512
486 178 67216
624 78 35600
287 146 32235
911 528 36565
507 258 66000
960 545 5200
785 585 77460
762 159 38000
255 668 63200
636 695 54259
615 653 27770
65 490 20463
779 233 93345
694 763 89600
502 830 34800
244 803 8303
351 162 35924
818 847 90843
957 631 3070
642 96 97065
158 674 13816
575 810 96000
100 258 66000
46 577 36192
337 143 48429
290 120 2000
837 545 5200
89 79 62438
308 194 19289
976 945 40400
779 397 58400
301 967 70800
594 688 12800
74 961 56400
376 230 65200
879 320 83707
508 364 91600
897 191 54800
401 24 95347
709 730 96753
925 553 81728
230 100 65600
282 118 66800
747 194 92800
675 85 46400
55 442 17600
910 697 20286
407 897 54400
810 781 88404
494 779 58000
125 52 59200
888 663 71147
376 105 65200
406 506 1200
740 878 90467
168 884 8508
274 520 70982
431 88 29649
986 99 51802
982 325 37200
490 253 31489
704 419 29861
581 350 30000
672 403 68755
423 578 4000
869 364 77142
340 335 8400
20 433 50000
416 566 80400
819 358 60000
432 480 39731
561 966 21600
114 945 54088
262 2 19988
867 158 12208
711 919 44657
59 170 40644
745 953 39600
680 640 13200
387 233 11200
450 390 64154
40 483 46597
495 534 56000
52 697 55643
116 256 53763
31 1000 48016
576 362 38068
997 558 85923
631 123 97715
240 608 45200
491 963 37600
293 191 28458
9 853 25353
701 622 2761
58 768 14800
517 810 725
833 859 5429
69 500 61200
911 723 40998
626 745 39200
446 403 90400
178 171 9102
210 543 23200
351 171 32400
808 151 77859
907 478 9329
262 841 51600
908 538 23102
530 188 85552
865 619 10626
582 548 12000
877 581 29600
592 769 9600
476 870 52927
582 860 91691
507 541 25494
520 774 52989
342 325 37200
506 200 4205
304 238 22476
572 845 56782
836 364 97997
699 256 74800
302 208 215
178 848 94117
933 418 69305
679 121 94276
538 209 67600
729 890 85803
360 812 75600
732 642 40099
593 352 24000
335 842 8800
507 960 89187
620 694 89200
18 804 97324
487 306 84731
874 872 81484
683 665 90800
46 351 32000
415 219 2800
168 205 23682
992 124 43200
768 846 15200
145 360 92180
273 255 57242
211 795 20740
367 354 10541
505 106 34100
42 960 4800
160 962 6800
545 773 5600
431 319 83200
578 421 4400
557 935 32596
418 571 71600
329 210 22800
708 598 2800
502 513 68399
396 239 19070
874 474 99200
429 944 43775
2 116 36000
362 995 9169
11 186 22846
872 842 54072
499 996 76000
494 12 58000
632 823 94000
826 368 19026
493 610 25600
32 409 10400
915 576 23551
893 52 44897
888 170 22400
780 975 8000
25 763 89600
854 84 2158
171 595 73253
798 408 42000
309 614 34086
88 527 44000
578 42 4400
683 336 4993
967 641 71200
354 778 68800
205 17 30021
368 226 9788
581 802 48585
821 39 70400
510 387 15250
994 351 34413
352 185 24400
812 190 602
428 677 87200
770 890 62800
83 975 16755
661 342 36800
288 64 9312
409 387 10800
122 56 86283
792 443 15011
892 362 21810
358 287 34919
814 55 17200
468 705 63288
11 925 55378
953 925 40000
161 409 67719
978 146 94998
714 895 34400
499 479 76000
373 470 98192
722 916 72609